gmvinput ascii
comments
 File:                 AMATOS3D_gmv.9999               
 Written by: AMATOS3D        Version 0.1.0
 Author: Jörn Behrens                                     <behrens@mathematik.tu-muenchen.de               >
endcomm
nodes       35
        0.00000        1.00000        1.00000        0.00000        0.00000        1.00000        1.00000        0.00000        0.50000        1.00000
        0.50000        0.50000        0.00000        0.50000        0.50000        1.00000        1.00000        0.50000        0.50000        0.00000
        0.00000        0.50000        1.00000        1.00000        0.00000        0.50000        0.00000        0.75000        0.75000        0.75000
        0.25000        0.25000        0.25000        0.75000        0.25000
        0.00000        0.00000        1.00000        1.00000        0.00000        0.00000        1.00000        1.00000        0.50000        0.50000
        0.50000        1.00000        0.50000        0.00000        0.50000        0.50000        1.00000        0.00000        1.00000        0.50000
        1.00000        1.00000        0.00000        0.50000        0.00000        0.00000        0.50000        0.75000        0.25000        0.75000
        0.25000        0.75000        0.75000        0.25000        0.25000
        0.00000        0.00000        0.00000        0.00000        1.00000        1.00000        1.00000        1.00000        0.50000        0.50000
        0.00000        0.50000        0.50000        0.50000        1.00000        0.00000        0.50000        0.00000        0.00000        0.00000
        0.50000        1.00000        0.50000        1.00000        0.50000        1.00000        1.00000        0.25000        0.25000        0.75000
        0.25000        0.25000        0.75000        0.75000        0.75000
cells       96
tet 4
       9      28      16      10
tet 4
      28       3      16      10
tet 4
       2      29      16      10
tet 4
      29       9      16      10
tet 4
       7      30      17      10
tet 4
      30       9      17      10
tet 4
       9      28      17      10
tet 4
      28       3      17      10
tet 4
       9      31      18      11
tet 4
      31       1      18      11
tet 4
       2      29      18      11
tet 4
      29       9      18      11
tet 4
       2      29      16      11
tet 4
      29       9      16      11
tet 4
       9      28      16      11
tet 4
      28       3      16      11
tet 4
       9      28      19      12
tet 4
      28       3      19      12
tet 4
       4      32      19      12
tet 4
      32       9      19      12
tet 4
       7      30      17      12
tet 4
      30       9      17      12
tet 4
       9      28      17      12
tet 4
      28       3      17      12
tet 4
       4      32      20      11
tet 4
      32       9      20      11
tet 4
       9      31      20      11
tet 4
      31       1      20      11
tet 4
       9      28      19      11
tet 4
      28       3      19      11
tet 4
       4      32      19      11
tet 4
      32       9      19      11
tet 4
       8      33      21      12
tet 4
      33       9      21      12
tet 4
       9      32      21      12
tet 4
      32       4      21      12
tet 4
       9      30      22      12
tet 4
      30       7      22      12
tet 4
       8      33      22      12
tet 4
      33       9      22      12
tet 4
       9      32      21      13
tet 4
      32       4      21      13
tet 4
       8      33      21      13
tet 4
      33       9      21      13
tet 4
       9      31      20      13
tet 4
      31       1      20      13
tet 4
       4      32      20      13
tet 4
      32       9      20      13
tet 4
       2      29      23      10
tet 4
      29       9      23      10
tet 4
       9      34      23      10
tet 4
      34       6      23      10
tet 4
       9      34      24      10
tet 4
      34       6      24      10
tet 4
       7      30      24      10
tet 4
      30       9      24      10
tet 4
       2      29      18      14
tet 4
      29       9      18      14
tet 4
       9      31      18      14
tet 4
      31       1      18      14
tet 4
       9      34      23      14
tet 4
      34       6      23      14
tet 4
       2      29      23      14
tet 4
      29       9      23      14
tet 4
       1      31      25      14
tet 4
      31       9      25      14
tet 4
       9      35      25      14
tet 4
      35       5      25      14
tet 4
       9      35      26      14
tet 4
      35       5      26      14
tet 4
       6      34      26      14
tet 4
      34       9      26      14
tet 4
       7      30      24      15
tet 4
      30       9      24      15
tet 4
       9      34      24      15
tet 4
      34       6      24      15
tet 4
       6      34      26      15
tet 4
      34       9      26      15
tet 4
       9      35      26      15
tet 4
      35       5      26      15
tet 4
       8      33      27      13
tet 4
      33       9      27      13
tet 4
       9      35      27      13
tet 4
      35       5      27      13
tet 4
       9      35      25      13
tet 4
      35       5      25      13
tet 4
       1      31      25      13
tet 4
      31       9      25      13
tet 4
       8      33      22      15
tet 4
      33       9      22      15
tet 4
       9      30      22      15
tet 4
      30       7      22      15
tet 4
       9      35      27      15
tet 4
      35       5      27      15
tet 4
       8      33      27      15
tet 4
      33       9      27      15
variable
level 0
       5       5       5       5       5       5       5       5       5       5
       5       5       5       5       5       5       5       5       5       5
       5       5       5       5       5       5       5       5       5       5
       5       5       5       5       5       5       5       5       5       5
       5       5       5       5       5       5       5       5       5       5
       5       5       5       5       5       5       5       5       5       5
       5       5       5       5       5       5       5       5       5       5
       5       5       5       5       5       5       5       5       5       5
       5       5       5       5       5       5       5       5       5       5
       5       5       5       5       5       5
status 0
       0       0       0       0       0       0       0       0       0       0
       0       0       0       0       0       0       0       0       0       0
       0       0       0       0       0       0       0       0       0       0
       0       0       0       0       0       0       0       0       0       0
       0       0       0       0       0       0       0       0       0       0
       0       0       0       0       0       0       0       0       0       0
       0       0       0       0       0       0       0       0       0       0
       0       0       0       0       0       0       0       0       0       0
       0       0       0       0       0       0       0       0       0       0
       0       0       0       0       0       0
tracr 1
        0.00000        0.00000        0.00000        0.00000        0.00000        0.00000        0.00000        0.00000        0.00000        0.00000
        0.00000        0.00000        0.00000        0.00000        0.00000        0.00000        0.00000        0.00000        0.00000        0.00000
        0.00000        0.00000        0.00000        0.00000        0.00000        0.00000        0.00000        0.00000        0.00000        0.00000
        0.00000        0.00000        0.00000        0.00000        0.00000
phi 1
        0.00000        0.00000        0.00000        0.00000        0.00000        0.00000        0.00000        0.00000        0.00002        0.00000
        0.00000        0.00000        0.00000        0.00000        0.00000        0.00000        0.00000        0.00000        0.00000        0.00000
        0.00000        0.00000        0.00000        0.00000        0.00000        0.00000        0.00000        0.00000        0.00000        0.00000
        0.00000        0.00000        0.00000        0.00000        0.00000
zeta 1
        0.00000        0.00000        0.00000        0.00000        0.00000        0.00000        0.00000        0.00000        0.02002        0.00000
        0.00000        0.00000        0.00000        0.00000        0.00000        0.00000        0.00000        0.00000        0.00000        0.00000
        0.00000        0.00000        0.00000        0.00000        0.00000        0.00000        0.00000        0.00830        0.00830        0.00830
        0.00830        0.00830        0.00830        0.00830        0.00830
endvars
endgmv
